1947.54
1961.73
1991.97
1994.72
1999.15
2007.4
2024.89
2029.68
2023.01
2013.32
2026.4
2018.57
2005.6
2015.31
2004.04
1994.53
2015.01
2086.78
2078.43
2082.83
2052.23
2065.94
2078.01
2065.59
2078.45
2089.06
2087.15
2092.88
2144.56
2161.17
2181.34
2180.23
2185.44
2214.85
2193.39
2192.53
2252.57
2249.81
2252.39
2212.87
2214.22
2195.25
2256.56
2244.31
2232.66
2212.81
2196.62
2215.88
2195.42
2200.2
2242.95
2244.71
2246.85
2285.74
2294.85
2280.19
2230.81
2216.35
2235.16
2215.3
2209.06
2235.73
2218.61
2203.46
2188.57
2215.65
2238.79
2243.86
2250.06
2250.93
2241.61
2223.29
2216.92
2237.96
2243.91
2273.77
2287.86
2283.16
2300.42
2354.17
2378.56
2384.53
2381.68
2395.19
2367.91
2389.8
2378.66
2409.88
2381.66
2367.93
2378.39
2375.63
2330.87
2299.09
2297.16
2336.02
2339.18
2305.98
2339.54
2353.12
2326.69
2315.74
2292.96
2283.62
2292.38
2301.67
2270.87
2308.36
2310.69
2339.71
2329.9
2297.3
2301.42
2293.17
2312.63
2327.84
2295.92
2313.6
2305.7
2313.84
2334.82
2343.41
2334.5
2324.71
2305.25
2317.64
2298.75
2309.29
2299.26
2305.52
2303.48
2297.08
2335.49
2349.47
2353.46
2367.99
2364
2375.73
2356.9
2344.63
2337.8
2344.28
2361.54
2344.85
2357.45
2377.03
2387.69
2365.65
2365.84
2380.96
2387.51
2420.38
2403.19
2373.71
2375.77
2378.88
2378.87
2346.8
2358.89
2380.47
2387.52
2395.3
2464.81
2474.13
2525.41
2507.29
2520.23
2512.46
2513.38
2521.04
2512.11
2511.82
2488.67
2489.43
2518.15
2507.73
2502.15
2507
2503.74
2495.79
2505.52
2501.16
2464.57
2479.08
2452.04
2447.67
2430.81
2430.17
2459.84
2471.22
2470.39
2444.16
2466
2483.61
2506.81
2520.81
2557.48
2538.56
2528.44
2534.17
2518.16
2490.24
2473.82
2466.64
2468.98
2449.02
2452.47
2462.46
2490.8
2514.24
2524.52
2503.49
2497.52
2521.05
2545.38
2513.25
2477.93
2458.9
2464.53
2460.26
2428.52
2412.64
2438.15
2469.21
2490.63
2482.04
2502.59
2477.97
2494.79
2491.96
2436.48
2411.13
2392.69
2403.25
2400.9
2396.49
2400.6
2410.81
2385.06
2411.34
2405.42
2430.72
2420.28
2465.96
2455.5
2460.57
2462.69
2445.51
2475.48
2479.48
2463.26
2473.23
2530.77
2534.53
2552.5
2531.05
2517.35
2536.81
2535.37
2541.61
2587.72
2604.79
2592.75
2600.44
2629.53
2629.4
2614.92
2592.23
2599.2
2581.75
2565.29
2558.83
2526.55
2492.39
2445.53
2426.89
2440.29
2396.78
2402.18
2417.65
2439.12
2461.15
2445.4
2409.93
2404.56
2409.27
2389.87
2412.41
2418.02
2417.07
2410.71
2361.73
2327.98
2303.1
2344.54
2327.37
2362.53
2322.03
2362.62
2379.28
2353.74
2343.78
2320.19
2285.14
2250.26
2268.87
2313.07
2254.88
2260.83
2258.98
2238.85
2215.94
2211.17
2238.25
2222.86
2244.33
2261.72
2280.21
2274.22
2270.78
2310.75
2311.13
2304.58
2306.43
2310.94
2322.32
2299.31
2296.24
2266.88
2257.11
2286.49
2277.25
2291.87
2280.5
2242.8
2215.62
2236.49
2292.11
2303.97
2328.58
2311.71
2278.96
2269.54
2256.15
2231.47
2267.88
2242.19
2212.23
2216.49
2214.87
2208.65
2186.58
2158
2198.46
2217.1
2259.34
2267.32
2260.53
2259.61
2237.53
2256.86
2232.51
2240.09
2203.75
2137.66
2126.96
2159.39
2158.13
2154.93
2156.24
2149.33
2141.71
2111.05
2119.7
2125.36
2156.43
2164.27
2158.24
2162.62
2154.32
2171.87
2160.13
2169.37
2155.15
2141.57
2155.27
2137.6
2142.09
2189.2
2209.65
2250.61
2263.96
2306.43
2289.23
2322.89
2304.04
2309.85
2284.28
2290.1
2295.3
2321.55
2308.44
2308.65
2243.43
2268.7
2262.45
2265.39
2225.55
2241.25
2275.86
2295.14
2322.94
2318.85
2374.8
2386.53
2381.65
2348.6
2340.08
2361.39
2320.8
2291.67
2294.98
2258.76
2262.79
2252.17
2213.26
2243.41
2230.43
2209.74
2239.49
2261.41
2266.96
2261.65
2285.8
2292.73
2300.58
2304.24
2290.8
2272.46
2288.11
2289.13
2275.35
2259.71
2221.83
2254.22
2170.37
2174.35
2192.17
2176.49
2225.11
2197.47
2190.1
2203.23
2178.47
2152.52
2124.47
2139.9
2089.53
2104.5
2132
2169.62
2196.65
2237.84
2227.66
2280.1
2259.66
2230.91
2206.38
2237.44
2208.77
2173.2
2181.11
2167.92
2218.09
2234.74
2229.64
2215.58
2222.61
2273.83
2300.37
2310.75
2322.24
2319.32
2335.28
2300.79
2274.51
2252.7
2228.58
2282.77
2297.17
2296.79
2273.02
2312.49
2327.49
2303.95
2279.04
2253.05
2275.35
2293.47
2257.4
2292.76
2330.42
2329.09
2331.87
2343.73
2326.24
2336.51
2349.89
2358.94
2366.69
2379.21
2349.91
2360.17
2410.22
2413.12
2399.77
2370.79
2374.69
2367.75
2380.44
2392.16
2393.43
2409.89
2407.95
2365.88
2359.1
2362.03
2374.44
2346.67
2316.99
2340.2
2324.68
2327.23
2366.6
2338.21
2358.78
2370.55
2364.42
2336.82
2339.97
2341.55
2325.8
2325.09
2326.78
2305.19
2303.15
2312.75
2306.15
2319.32
2323.39
2351.02
2346.73
2353.1
2352.81
2358.11
2314.98
2314
2326.64
2315.21
2318.66
2325.38
2342.08
2381.44
2404.61
2388.47
2356.5
2364.84
2368.97
2393.53
2381.56
2364.12
2361.43
2374.7
2375.24
2367.82
2371.11
2372.75
2354.41
2377.34
2357.54
2337.12
2301.78
2292.05
2236.63
2218.05
2191.75
2194.7
2184.39
2176.3
2174.1
2187.18
2186.97
2178.92
2193.78
2212.6
2178.44
2191.26
2191.17
2179.87
2190.88
2208.43
2239.12
2237.74
2237.23
2224.2
2260.52
2290.4
2283.9
2290.75
2282.72
2299.03
2286.57
2277.52
2326.56
2324.16
2315.79
2328.99
2308.98
2315.73
2332.63
2338.98
2334.6
2338.73
2350.47
2359.39
2337.67
2325.9
2312.32
2322.18
2323.61
2318.56
2326.49
2317.45
2300.65
2325.16
2345.61
2345.76
2336.68
2341.04
2311.51
2307.08
2273.72
2264.64
2273.24
2232.92
2211.89
2169.08
2163.21
2153.17
2165.34
2134.55
2095.17
2134.28
2085.34
2078.8
2104.97
2108.37
2108.88
2115.16
2092.33
2101.19
2098.88
2050.87
2072.65
2138.35
2140.74
2122.06
2111.47
2111.05
2124.96
2173.79
2186.08
2191.97
2188.73
2198.63
2212.71
2192.83
2200.07
2190
2167.32
2153.62
2170.22
2161.97
2175.46
2188.31
2175.98
2148.62
2091.15
2101.64
2126.9
2121.85
2136.45
2134.52
2126.11
2162.23
2156.95
2153.26
2160.43
2167.19
2164.82
2184
2206.89
2206.18
2206.68
2175.3
2210.54
2227.02
2235.68
2208.61
2263.6
2267.95
2260.78
2269.51
2259.75
2250.07
2235.67
2225.99
2239.37
2230.15
2204.41
2192.19
2179.44
2191.79
2199.69
2192.17
2178.33
2164.72
2163.48
2122.97
2093.25
2088
2087.82
2073.42
2066.43
2056.17
2056.35
2112.27
2107.39
2115.87
2137.7
2132.53
2131.61
2128.71
2145.77
2151.48
2161.55
2192.31
2171.72
2140.29
2132.02
2161.6
2170.86
2194.88
2180.55
2170.39
2172.14
2178.31
2174.93
2168.44
2144.56
2150.57
2141.68
2089.16
2099.3
2078.74
2085.41
2062.33
2082.19
2106.64
2128.24
2107.43
2108.67
2099.2
2120.01
2125.22
2126.64
2125.14
2112.15
2116.32
2115.39
2095.8
2070.66
2000.65
1942.66
1926.15
1817.79
1807.25
1827.36
1882.71
1879.11
1808.36
1685.28
1643.34
1607.3
1450.71
1334.37
1342.4
1370.79
1425.27
1406.71
1502.14
1461.22
1449.34
1487.75
1431.53
1494.31
1482.1
1486.89
1495.43
1490.41
1492.1
1534.81
1602.14
1602.33
1596.79
1631.5
1669.23
1610.81
1618.42
1629.69
1631.4
1574.07
1609.41
1617.91
1614.29
1590.34
1601.65
1661.23
1630.24
1609.04
1604.6
1572.16
1600.54
1614.21
1589.69
1615.9
1605.68
1585.51
1585.92
1651.08
1640.26
1651.03
1632.27
1639.26
1657.26
1713.73
1722.43
1718.19
1733.13
1735.86
1741.91
1765.6
1794.38
1842.22
1848.11
1840.1
1792.35
1767.35
1765.17
1807.91
1787.9
1791.68
1805.25
1807.1
1830.39
1781.84
1799.33
1758.46
1770.24
1760.72
1778.45
1811.07
1820.81
1816.46
1797.88
1791.68
1781.84
1806.55
1797.85
1783.18
1791.04
1800.7
1795.09
1852.56
1844.74
1837.64
1809.5
1811.4
1831.03
1819.4
1827.17
1767.31
1769.31
1813.7
1819.96
1834.67
1818.62
1822.48
1830.21
1848.54
1856.65
1857.47
1856.46
1859.11
1838.62
1829.52
1824.52
1830.14
1847.98
1817.91
1846.42
1842.36
1832.66
1803.77
1777.15
1787.62
1754.65
1765.37
1778.86
1735.58
1776.48
1767.42
1783.55
1760.55
1746.94
1736.81
1745.91
1724.89
1689.6
1701.26
1677.73
1666.65
1686.57
1737.48
1713.01
1719.55
1690.04
1710.14
1739.86
1736.62
1742.29
1718.45
1701.76
1685.25
1658.04
1660.64
1635.02
1663.75
1647.95
1656.97
1634.69
1643.34
1635.49
1635.42
1605.43
1557.47
1528.78
1526.2
1564.86
1622.29
1654.61
1665.72
1707.52
1768.9
1777.24
1768.19
1764.1
1797.57
1792.17
1803.49
1788.48
1835.53
1841.11
1866.15
1865.67
1846.73
1845.96
1844.33
1855.33
1900.94
1894.4
1949.61
1941.14
1976.65
1995.63
1985.51
1956.48
1938.79
1963.84
1997.91
1981.62
1929.14
1896.48
1934.03
1969.45
2015.02
2019.48
1994.28
2004.64
2040.48
2080.5
2067.33
2073.81
2050.24
2023.83
2026.35
1985.59
2034.26
1983.49
1997.58
1945.01
1961.37
1936.78
1981.07
1913.71
1965.76
1960.96
