0.000610352
1.26282
4.92542
7.9762
10.662
13.37
16.8855
19.8608
21.3585
21.4142
22.3667
22.1484
20.5593
19.9344
17.9225
14.668
13.6454
18.9056
21.8066
23.7673
22.0792
21.7195
22.3258
21.0647
21.0001
21.7855
21.6819
21.9641
26.7642
31.5349
35.2544
37.7153
39.5305
43.7698
44.3916
43.9067
48.4026
50.8953
52.092
48.6787
45.4053
39.3472
38.9392
36.6172
33.845
29.1692
23.0173
19.5381
14.6968
9.89502
9.46997
8.97144
9.28125
12.624
16.1262
16.5342
12.5034
8.22729
6.75708
4.08032
1.29126
1.63989
0.258545
-2.40039
-5.82202
-6.02539
-5.23145
-4.37549
-3.13794
-0.562012
0.828857
-0.175537
-1.34546
-0.427979
0.476074
3.92383
8.13818
11.657
15.3721
22.4883
30.2825
36.5962
40.7495
44.4287
44.5437
46.3647
45.646
47.0959
44.7925
40.7158
37.7944
34.1846
26.0134
16.0276
7.5708
4.2229
1.36768
-3.62329
-5.33008
-5.50854
-8.59155
-11.5283
-15.3499
-19.1982
-21.3435
-21.022
-22.1172
-18.9963
-16.7029
-12.1428
-8.43506
-9.14673
-9.21655
-9.42651
-7.11499
-3.56396
-3.40234
-1.59155
-0.933105
0.571777
2.62329
4.87842
5.60742
5.46582
3.87061
3.9668
2.68262
2.01514
0.183594
-0.321533
-1.35034
-2.50879
-0.0534668
2.34961
4.68091
7.8894
10.4148
13.6182
13.7349
12.9558
11.291
10.8091
11.8948
10.8547
11.3318
12.491
13.9604
13.0701
12.0107
12.335
12.6448
15.748
16.7502
14.6035
12.8516
11.0994
9.89233
5.63916
2.77686
2.49146
3.3667
4.71509
11.7305
17.7168
26.1875
30.9641
35.8662
38.4216
39.9902
41.5503
41.9102
41.5525
38.4924
35.6736
35.21
32.0754
28.5654
24.8196
21.7971
17.8936
15.1516
12.2217
6.19067
2.6394
-3.12451
-7.66602
-12.6289
-17.0911
-17.6628
-16.2256
-15.0415
-15.7148
-14.1099
-11.1577
-6.62134
-0.994873
6.55103
11.2014
13.9839
16.6948
17.3013
14.895
11.1338
7.43701
5.2876
1.39941
-1.72485
-3.59473
-2.81592
-1.22876
1.32666
1.26172
0.385254
1.7915
5.43896
5.90967
3.30176
-0.521729
-2.88916
-4.93823
-9.30176
-14.301
-16.0627
-14.2878
-10.5508
-8.19678
-4.78247
-4.86987
-3.08008
-1.40405
-4.71924
-9.58789
-15.0449
-17.5515
-19.0615
-20.5405
-21.3735
-21.1042
-22.9282
-22.1765
-21.1184
-17.7917
-16.1013
-9.76001
-5.24902
-0.70752
2.89844
3.95532
7.36133
10.5042
11.5798
14.0005
20.4021
25.9517
30.9768
33.0947
32.3276
32.7429
32.1521
31.5486
35.1433
38.3667
39.1155
40.1514
42.8789
42.9766
41.2251
36.7319
33.8594
29.6563
24.4917
19.3884
12.0938
2.1814
-10.4863
-21.6272
-29.1904
-39.5742
-46.9016
-50.0522
-49.657
-46.8376
-45.4312
-46.8472
-47.6189
-46.6482
-46.3066
-41.9924
-36.8477
-32.5828
-28.2407
-28.3428
-31.032
-35.2178
-34.7766
-34.9429
-30.761
-30.5164
-26.2515
-20.8362
-19.2117
-19.073
-20.968
-25.032
-30.4558
-31.9026
-27.9536
-30.125
-30.2109
-30.7322
-32.0037
-35.3765
-38.2278
-37.2397
-36.897
-33.6392
-28.3015
-21.3096
-16.7527
-14.3792
-7.88135
-2.27515
1.54272
5.5564
9.25391
13.739
14.9192
15.6541
13.1104
9.66357
8.8252
7.00171
7.01978
5.61279
0.477295
-5.85767
-9.0105
-6.7981
-4.51465
-0.250488
1.7915
0.77832
-0.515137
-3.13403
-7.00171
-7.0542
-9.13696
-12.1687
-13.3691
-14.6279
-16.9678
-20.7205
-26.3037
-26.6702
-24.3809
-18.6384
-13.0586
-8.34131
-5.3667
-4.25903
-1.06885
-1.10352
-0.659668
-3.19507
-9.95264
-15.2148
-16.5747
-17.8928
-20.0261
-21.5605
-23.1177
-24.9846
-28.093
-30.0237
-30.5278
-27.9307
-24.2031
-20.2761
-16.4885
-14.9255
-11.5164
-9.43481
-6.35181
-4.74146
-4.36401
-2.0083
-1.88281
-1.0813
3.08936
8.18408
15.5769
21.6511
29.9355
34.481
40.8232
43.4033
45.6965
44.8696
43.8647
43.0215
44.1387
42.4065
40.386
31.7102
26.3308
20.2935
15.6184
7.53735
2.53467
1.4248
2.38623
5.11328
6.62207
11.7673
16.7068
20.1631
21.0017
20.5234
22.0342
19.7336
15.7788
12.9348
6.57568
1.6062
-4.04248
-11.792
-16.1294
-20.5601
-25.7603
-26.3293
-25.095
-23.646
-22.113
-17.9888
-14.4658
-10.072
-5.93677
-3.39746
-1.87134
0.26709
2.99585
4.63281
4.1084
-0.274658
-0.875732
-8.34399
-14.4766
-17.9014
-21.8811
-20.8699
-22.0503
-23.1599
-23.3389
-25.2246
-28.6438
-33.4553
-34.4651
-39.7102
-40.2791
-37.7852
-32.0015
-24.1604
-14.77
-7.44434
3.21924
9.41309
12.3606
13.0413
16.8125
16.7808
14.1797
12.9326
9.43408
10.4026
12.1777
11.9817
11.0583
9.50073
12.9309
18.4238
23.6077
27.47
30.04
33.8442
32.5981
29.1636
23.3774
16.3552
15.7695
17.0657
17.6282
15.2913
16.0659
17.2458
15.2588
11.5134
5.38892
2.62573
2.44336
-0.800049
0.683594
4.26538
6.479
8.12988
10.7925
10.8682
11.6355
13.8252
16.8069
20.1814
23.5264
22.6282
23.0178
26.593
28.2632
28.4834
25.7642
23.3843
20.6487
19.521
19.3047
18.5566
18.7109
17.772
13.6975
9.61011
5.07788
2.64941
-1.28052
-6.53076
-8.61206
-11.3252
-13.5645
-11.8633
-12.8918
-12.0129
-10.0938
-8.11572
-9.08423
-9.41943
-9.14917
-9.58936
-9.3313
-9.50464
-11.0522
-12.3601
-12.9641
-13.1587
-12.2905
-11.104
-7.41675
-4.65137
-1.95313
0.184814
2.80542
0.782959
-1.20972
-0.971924
-1.86255
-2.36182
-1.55786
0.109131
5.08032
10.6045
13.4187
12.2305
11.9136
11.7859
14.3943
15.2256
13.9265
12.5024
12.3108
12.0027
10.5347
8.85522
7.06982
4.4436
4.90649
3.33569
0.147461
-5.94702
-11.7834
-20.9104
-29.3501
-38.3833
-44.8027
-50.083
-54.2966
-56.8047
-56.3032
-55.803
-55.3887
-52.5913
-47.3127
-45.1006
-40.5583
-36.1189
-32.5
-27.9536
-22.0078
-13.9797
-7.27271
-1.91138
1.25586
7.62378
14.9902
19.6748
24.2222
26.6216
29.2124
29.8835
28.8125
31.6775
32.5906
32.0271
32.269
30.5896
28.73
27.6431
27.1392
25.9529
24.7581
24.2175
24.373
22.1765
18.1331
13.563
11.0085
8.60718
6.42163
4.95044
2.83716
-0.269043
-0.574951
0.920898
1.69946
1.36865
1.68481
-0.660889
-2.1731
-6.49756
-10.7246
-12.9126
-18.4111
-24.1433
-31.6414
-38.0215
-43.8816
-46.8354
-51.0337
-57.1797
-57.4404
-61.3083
-63.6384
-62.0315
-59.7983
-56.4673
-51.9956
-48.9766
-45.0715
-41.0115
-41.3679
-38.3154
-28.604
-20.7981
-15.116
-10.9883
-8.1709
-4.52271
3.06494
9.77368
15.8511
19.6936
23.4402
28.2937
29.8425
29.8647
28.1658
25.1965
21.0688
18.9604
16.2983
14.2573
13.2957
11.1162
6.54834
-2.47144
-9.02051
-12.0847
-14.9294
-14.9888
-14.6372
-14.9084
-12.2246
-10.3884
-9.36157
-7.62769
-5.22534
-2.87354
1.87964
7.66016
11.8281
15.0195
14.4473
16.9973
20.2722
22.5679
21.9553
26.116
29.4622
31.1196
32.7749
32.1616
29.3218
25.4099
21.2781
19.4214
16.2861
10.8823
5.03076
0.0012207
-4.05518
-6.77295
-9.4502
-12.926
-16.696
-19.3142
-24.3152
-30.4443
-35.6362
-39.4929
-42.5288
-44.5959
-46.1982
-47.3308
-42.2273
-37.8684
-32.9314
-26.24
-21.0615
-15.9854
-11.4426
-6.00732
-0.811279
4.58838
11.6094
15.4241
15.5054
13.8669
15.3643
17.0803
19.9028
20.6279
20.1064
19.2983
18.3252
16.7925
14.5154
9.55835
6.2478
3.13721
-3.98047
-8.71826
-14.4648
-18.6831
-23.4233
-25.0083
-23.8813
-21.0129
-20.2019
-19.074
-18.2544
-15.3096
-12.3337
-8.97754
-6.59009
-5.03101
-3.2854
-1.11694
-1.48584
-4.42773
-13.2095
-24.5288
-34.5043
-51.3099
-65.335
-73.7378
-74.5886
-75.1871
-80.7484
-95.4052
-109.433
-122.212
-144.028
-168.063
-182.605
-188.884
-184.259
-179.54
-164.942
-155.774
-147.323
-133.747
-123.719
-107.256
-92.7222
-76.1113
-58.3881
-44.0101
-32.2213
-19.1591
-2.69922
8.88208
18.8661
30.9575
43.3132
48.2737
50.325
52.4492
53.4301
46.8324
43.0543
40.137
36.2627
29.6482
24.6466
26.5504
23.6964
18.1539
14.4249
7.50647
4.67053
3.23242
0.832153
0.520508
-1.04797
-4.17505
-5.80835
-0.825562
0.940552
3.73425
4.94067
6.97229
10.2084
17.2191
23.1489
27.6648
31.1366
34.2351
37.2838
41.3362
45.0732
51.9553
57.6007
60.6825
57.7563
52.1038
45.3218
43.1832
39.2517
35.3239
33.0311
30.5879
29.4813
23.0901
18.7809
11.0193
5.80933
1.26318
-0.421997
1.18701
2.87036
4.10181
3.13599
1.56042
-0.689697
-0.755737
-0.501099
-1.67065
-0.558716
1.13855
2.18237
7.35461
9.72668
10.5508
9.0177
8.026
9.04858
9.04395
9.19031
4.29211
0.41687
1.35559
2.01733
3.98584
2.76904
2.32605
3.02271
5.7821
8.5282
10.0706
11.1807
11.8495
11.7828
10.7073
8.29993
6.72778
6.76843
4.24878
5.25696
5.4353
4.23389
0.199219
-5.39551
-8.61987
-14.187
-16.9933
-18.2584
-22.8657
-22.2919
-22.6995
-20.6057
-21.4788
-23.038
-24.6415
-24.0294
-24.4506
-27.702
-28.1246
-30.2373
-32.8506
-31.8756
-26.9207
-24.5853
-21.9124
-21.9413
-19.249
-13.9507
-10.0403
-6.10486
-4.53149
-4.71301
-6.01306
-8.92725
-10.9663
-16.0288
-16.3256
-17.8916
-17.2675
-19.0472
-20.0928
-21.3977
-22.1807
-24.9369
-31.0935
-37.6609
-42.2656
-42.0671
-35.5797
-27.1588
-19.0881
-8.83496
4.98181
16.6013
25.2683
31.5222
39.8381
46.3068
52.4691
55.4768
60.5493
63.3284
66.1263
67.5404
65.163
61.2499
56.744
53.5739
54.3168
52.8022
55.4346
55.0486
56.8467
57.8832
56.9043
52.5446
46.8958
44.3015
44.9381
43.9083
37.657
28.2863
23.8333
22.2671
24.6997
25.8822
23.4485
22.5569
25.1765
30.9149
33.2452
34.2158
32.5448
29.3041
27.264
21.3809
20.0254
13.7683
9.68274
2.44604
-1.82043
-8.15442
-10.2561
-17.8907
-19.0856
-19.5648
