0.000610352
0.283418
1.3303
2.85135
4.66997
6.73162
9.16861
11.7849
14.2134
16.1687
17.9464
19.2893
19.9194
20.2101
19.9273
18.9066
17.7764
17.9793
18.7555
19.8145
20.2605
20.542
20.9413
20.9931
21.0686
21.3832
21.6363
21.7754
22.8924
24.8078
27.2141
29.6992
32.0793
34.9637
37.412
39.2431
41.7179
44.2494
46.4273
47.29
47.1573
45.6345
44.2812
42.5763
40.5763
37.9403
34.345
30.6292
26.5431
22.2804
18.8538
16.1465
14.06
13.1956
13.3554
13.6872
13.1975
11.9313
10.7055
9.24055
7.45393
6.11474
4.72643
2.93961
0.659251
-1.22042
-2.44929
-3.13773
-3.37582
-2.92475
-2.18515
-1.8269
-1.7692
-1.45351
-0.91607
0.291268
2.1823
4.46294
7.09008
10.7243
15.3445
20.4795
25.5462
30.4019
34.2904
37.7263
40.2126
42.4419
43.6198
43.4775
42.5216
40.7962
37.4851
32.5103
26.6329
21.1371
16.1179
10.9495
6.48773
2.97641
-0.453142
-3.76794
-7.07944
-10.3507
-13.2449
-15.4076
-17.3145
-18.0207
-18.0308
-17.0128
-15.2935
-14.0068
-12.9012
-11.9712
-10.6576
-8.8189
-7.28535
-5.72786
-4.38952
-3.09137
-1.6824
-0.0328171
1.45187
2.61294
3.12876
3.47755
3.46495
3.26176
2.67299
2.0526
1.27641
0.341648
0.126435
0.4961
1.35256
2.7543
4.47242
6.58071
8.33756
9.58064
10.2268
10.6637
11.1974
11.3334
11.4931
11.8034
12.3201
12.4569
12.3262
12.313
12.4119
13.198
14.0252
14.2311
13.9917
13.3798
12.5844
11.0166
9.1465
7.57868
6.51307
5.88804
6.93576
9.16687
12.8918
16.9842
21.3855
25.5814
29.3584
32.7365
35.4985
37.5955
38.4188
38.3017
37.9004
36.7622
34.9472
32.5944
29.9973
27.0074
23.9925
20.9327
17.2072
13.4989
9.25194
4.91225
0.412962
-4.09613
-7.7588
-10.273
-11.9531
-13.3775
-14.0124
-13.7734
-12.4271
-9.98016
-6.2125
-2.04905
1.9189
5.66608
8.77122
10.7324
11.42
11.0707
10.2006
8.49798
6.25431
3.92854
2.17548
1.06342
0.731753
0.509755
0.226266
0.403494
1.41423
2.42182
2.71874
2.14458
1.13607
-0.168034
-2.25048
-5.035
-7.63625
-9.35341
-9.97756
-9.96078
-9.11961
-8.37427
-7.32003
-6.05181
-5.67505
-6.34422
-8.05988
-10.0367
-12.0464
-14.0422
-15.9076
-17.3375
-18.9332
-20.0816
-20.6835
-20.3025
-19.4877
-17.3547
-14.6013
-11.3454
-7.91267
-4.93619
-1.74798
1.48868
4.29357
6.99981
10.5585
14.4963
18.6639
22.3633
25.0642
27.2925
28.8608
29.9047
31.5193
33.475
35.0533
36.4145
37.9937
39.228
39.8415
39.3156
38.2654
36.498
33.8405
30.4935
26.1635
20.4536
12.9817
4.50571
-3.92758
-12.8927
-21.6374
-29.238
-35.1057
-39.0453
-41.7064
-43.9141
-45.5484
-46.3703
-46.7694
-45.8722
-43.8254
-41.1566
-38.0582
-35.6701
-34.3961
-34.2806
-34.0709
-33.9637
-32.9491
-32.1865
-30.7446
-28.4803
-26.4093
-24.7191
-23.7267
-23.7427
-24.9814
-26.2925
-26.5572
-27.2613
-27.9465
-28.7417
-29.7019
-31.229
-33.044
-34.1768
-34.8758
-34.6703
-33.4049
-30.7737
-27.6458
-24.599
-20.6751
-16.1988
-11.6937
-7.21408
-2.81018
1.63948
5.33523
8.28827
9.97113
10.488
10.5574
10.0694
9.59128
8.79694
6.92186
3.8945
0.737797
-1.30954
-2.37458
-2.18828
-1.56154
-1.24329
-1.27893
-1.86038
-3.06858
-3.89449
-4.94603
-6.51977
-8.10266
-9.75361
-11.6478
-13.9795
-17.0648
-19.5521
-20.9359
-20.7551
-19.3102
-17.0243
-14.5003
-12.2026
-9.59333
-7.42342
-5.45372
-4.43723
-5.1932
-7.11516
-9.09166
-11.0817
-13.2232
-15.307
-17.3995
-19.4911
-21.8715
-24.1474
-25.9184
-26.6268
-26.3256
-25.173
-23.351
-21.5063
-19.2292
-16.8962
-14.2643
-11.7515
-9.64454
-7.49365
-5.8345
-4.42207
-2.44878
0.233765
3.9542
8.24146
13.4533
18.6024
24.1337
29.0801
33.5481
36.9179
39.2882
40.873
42.2133
42.7513
42.5296
40.2991
37.1568
33.2281
28.9826
23.7954
18.5489
14.1234
10.7715
8.74261
7.50621
7.87865
9.41274
11.5597
13.5776
15.2792
17.0993
18.0666
17.9313
17.1202
15.0101
12.0849
8.36024
3.56101
-1.27037
-6.11669
-11.1952
-15.3303
-18.2665
-20.2225
-21.2908
-21.1018
-20.0254
-17.9933
-15.3368
-12.536
-9.82837
-7.16942
-4.46056
-1.96155
-0.116725
0.277856
0.374089
-1.32795
-4.16313
-7.25971
-10.6654
-13.2148
-15.5845
-17.7682
-19.5427
-21.2793
-23.4202
-26.0314
-28.199
-31.0259
-33.3192
-34.6193
-34.3352
-32.3243
-28.6073
-23.9469
-17.7471
-11.2838
-5.42835
-0.465332
4.36374
8.1599
10.4749
11.8588
11.9562
12.0748
12.3109
12.3069
12.0258
11.4356
11.6413
13.0373
15.3782
18.1463
21.0208
24.1494
26.3305
27.3104
26.8202
24.8921
23.1359
21.8892
20.8931
19.4798
18.4608
17.8185
16.8894
15.3896
12.9567
10.5602
8.61621
6.30315
4.77158
4.40508
4.58922
5.07804
6.11348
7.04889
8.11649
9.52767
11.3291
13.6043
16.1383
17.878
19.3039
21.2059
23.0377
24.5506
25.1332
25.0134
24.2329
23.2746
22.3791
21.5166
20.8519
20.0237
18.408
16.1944
13.4734
10.8098
7.86414
4.35841
1.09269
-2.10979
-5.1772
-7.22739
-8.99996
-10.1228
-10.482
-10.2677
-10.2188
-10.1284
-9.94546
-9.83248
-9.6304
-9.5485
-9.805
-10.3244
-10.9214
-11.4902
-11.7274
-11.6432
-10.7563
-9.41648
-7.7463
-5.92697
-3.8471
-2.60489
-2.04307
-1.53565
-1.35015
-1.34217
-1.24435
-0.859127
0.497974
2.76995
5.15504
6.84553
8.17486
9.20399
10.6332
11.9748
12.7376
12.9888
13.0271
12.8559
12.3222
11.5476
10.5355
9.14051
8.06545
6.83345
5.16476
2.49854
-0.937515
-5.72392
-11.4087
-17.9401
-24.5606
-30.9769
-37.0651
-42.4599
-46.5867
-49.6294
-51.8303
-52.7447
-52.0904
-50.8541
-48.6928
-45.8421
-42.6493
-39.016
-34.7893
-29.6212
-23.9939
-18.3582
-13.2669
-7.82031
-1.92181
3.7398
9.2009
13.998
18.2731
21.6505
23.951
26.3044
28.3155
29.6449
30.5854
30.8488
30.5335
29.98
29.362
28.5856
27.7225
26.8421
26.1506
25.1188
23.3815
21.0082
18.5819
16.129
13.6891
11.4361
9.18894
6.70824
4.6514
3.39393
2.65968
2.1081
1.79913
1.08416
0.225935
-1.39418
-3.58654
-5.75593
-8.71607
-12.4045
-17.054
-22.1951
-27.6287
-32.5809
-37.4469
-42.6128
-46.7022
-50.7878
-54.446
-56.8746
-58.1367
-58.2466
-57.1916
-55.6001
-53.351
-50.4941
-48.2822
-45.7357
-41.4665
-36.3408
-31.0209
-25.9202
-21.316
-16.8879
-11.7392
-6.21487
-0.425103
4.99422
9.9355
14.7882
18.8807
22.0603
24.1556
25.0788
24.7099
23.781
22.2953
20.5569
18.8606
16.8985
14.268
10.1422
5.41502
1.01816
-3.03741
-6.24444
-8.66724
-10.6172
-11.5526
-11.8371
-11.7248
-11.0294
-9.77729
-8.17494
-5.75963
-2.53078
0.977701
4.50608
7.13599
9.7671
12.5811
15.3049
17.2889
19.7517
22.3574
24.6742
26.7983
28.2834
28.8489
28.3635
26.9706
25.3851
23.4289
20.5531
16.8608
12.7403
8.49512
4.50482
0.78104
-2.88266
-6.55892
-10.0419
-13.8733
-18.1818
-22.651
-26.9696
-31.007
-34.6347
-37.8315
-40.5591
-41.507
-41.2256
-39.7741
-36.9661
-33.4346
-29.3792
-25.044
-20.3083
-15.317
-10.0868
-4.45238
0.805026
4.91039
7.66659
10.0825
12.2775
14.5567
16.4117
17.6539
18.3367
18.496
18.1882
17.4298
15.7519
13.6317
11.1974
7.58722
3.62011
-0.828595
-5.31326
-9.93966
-13.959
-16.8672
-18.4319
-19.4222
-19.8869
-19.9038
-19.1435
-17.7303
-15.7463
-13.51
-11.3336
-9.22848
-7.12752
-5.54891
-4.97231
-6.49837
-10.3263
-15.6952
-23.8366
-33.5496
-43.2402
-51.2253
-57.7996
-64.2963
-72.7068
-82.3671
-92.6861
-105.589
-120.893
-136.057
-149.392
-159.004
-165.622
-167.511
-166.616
-163.669
-157.962
-150.625
-140.488
-128.773
-115.527
-101.071
-86.3984
-72.37
-58.4411
-43.8134
-29.8429
-16.6708
-3.81998
8.8794
19.7507
28.481
35.5953
41.2228
43.9324
44.8575
44.6653
43.4033
40.6208
36.9769
34.369
31.5938
28.0808
24.4112
20.0842
16.078
12.621
9.41086
6.93204
4.71787
2.20009
-0.111421
-0.710859
-0.704985
0.0921106
1.06832
2.33909
4.13852
7.15637
10.937
15.0486
19.155
23.0145
26.7427
30.566
34.433
39.0197
43.876
48.283
51.0102
51.8169
50.8591
49.5392
47.5291
44.9434
42.2712
39.4205
36.7562
33.1185
29.3133
24.6661
19.9442
15.1995
11.1207
8.31269
6.49862
5.38205
4.29902
3.23334
1.98031
1.14981
0.667816
0.129539
-0.0114009
0.217423
0.593861
2.02427
3.72331
5.3051
6.28116
6.8414
7.51258
8.07662
8.5339
7.76141
6.25003
5.12682
4.31945
4.09479
3.67931
3.27153
3.07679
3.53938
4.52121
5.7701
7.11117
8.3113
9.24054
9.69559
9.54952
9.09107
8.71666
7.78619
7.20165
6.73686
6.06914
4.61487
2.19952
-0.429331
-3.72186
-6.94683
-9.81124
-13.0745
-15.5807
-17.6813
-18.8638
-19.9083
-20.9587
-22.0807
-22.7072
-23.2353
-24.3558
-25.2361
-26.4275
-27.9563
-29.0113
-28.7241
-27.9336
-26.6637
-25.669
-24.2598
-21.8672
-19.0667
-15.8938
-12.94
-10.6411
-9.21252
-8.77876
-8.95293
-10.2259
-11.3755
-12.7735
-13.8462
-15.1978
-16.5511
-17.9218
-19.1626
-20.7026
-23.265
-26.6646
-30.4089
-33.3221
-34.2142
-32.9983
-30.1921
-25.6184
-18.8449
-10.7563
-2.19545
6.2125
14.9129
23.3178
31.2663
38.0965
44.503
50.0041
54.6996
58.4933
60.787
61.5948
61.0313
59.7147
58.6795
57.4397
56.9156
56.343
56.2205
56.3207
56.2387
55.2905
53.3746
51.3369
49.8315
48.4329
45.85
41.6934
37.3271
33.4583
30.9318
29.2804
27.5499
26.0282
25.3824
26.1763
27.484
28.973
29.8969
29.9477
29.4726
27.746
26.1195
23.4378
20.3141
16.0556
11.6367
6.65917
2.24641
-2.91644
-7.26535
-10.7103
